30;;;;;;;;;;;;;;;;;;;;;;;;;;;;;
0.5;;;;;;;;;;;;;;;;;;;;;;;;;;;;;
0.3;;;;;;;;;;;;;;;;;;;;;;;;;;;;;
10;;;;;;;;;;;;;;;;;;;;;;;;;;;;;
59;38;79;24;34;25;84;99;13;19;99;70;64;19;74;36;19;16;43;73;10;86;50;67;87;73;53;55;57;30
35;51;40;24;60;82;88;62;18;16;35;88;83;37;99;53;64;21;34;53;32;84;89;97;88;58;41;12;11;60
62;59;79;11;49;17;76;47;57;78;16;31;11;72;81;33;69;98;32;81;50;21;46;96;57;24;61;96;42;84
11;39;34;49;13;94;77;65;15;39;42;92;18;90;19;41;17;76;71;11;52;52;10;58;17;43;85;30;18;63
92;47;61;49;31;36;77;83;83;12;70;61;63;62;48;32;24;22;43;97;32;95;32;85;92;100;44;80;70;31
32;30;50;78;10;51;84;13;100;28;24;63;21;96;76;70;16;57;66;49;99;77;25;16;72;36;21;89;84;48
36;40;20;82;43;82;80;31;41;61;13;75;29;10;23;66;64;93;78;61;98;82;67;82;55;30;18;29;70;13
27;25;67;37;46;65;13;24;87;91;22;51;67;34;60;21;11;69;17;40;53;64;52;10;47;81;97;38;55;96
22;37;99;34;36;95;23;41;59;48;69;23;98;57;73;76;97;29;54;95;41;74;46;85;65;84;90;26;63;11
25;31;50;15;83;13;19;53;54;58;45;51;98;12;68;59;97;10;32;53;96;57;19;80;58;66;88;22;24;67
25;54;27;78;73;14;15;25;20;100;72;29;75;94;52;18;89;66;53;68;99;76;26;91;52;87;33;94;98;79
15;36;55;88;96;11;76;45;52;35;76;91;66;64;55;51;73;42;84;56;31;25;21;85;34;36;80;82;87;98
57;46;71;33;20;17;79;55;62;85;86;98;98;67;97;95;68;76;57;83;19;40;10;100;16;13;35;60;79;75
48;40;42;72;64;89;77;78;23;32;45;87;33;19;60;22;15;80;74;84;15;24;10;77;90;92;87;47;94;26
73;79;94;53;18;31;30;13;59;38;57;15;33;93;34;24;89;36;39;44;98;30;72;68;31;42;84;40;48;72
34;19;54;54;53;95;26;38;10;40;74;37;20;48;27;47;93;91;15;13;96;81;29;65;12;46;64;17;90;75
23;85;18;92;14;12;82;53;67;64;20;57;98;81;50;70;48;15;81;18;98;17;77;96;99;58;22;56;53;29
10;62;59;67;29;70;57;11;72;60;74;61;99;14;26;88;30;93;92;91;24;56;11;83;75;17;68;85;38;55
33;96;44;23;57;55;42;80;84;53;50;98;59;75;14;18;21;47;98;19;65;37;22;20;65;56;58;78;82;30
74;66;65;40;45;27;51;47;85;81;28;31;79;69;99;77;74;95;65;66;97;25;94;18;85;33;22;88;75;51
48;31;89;34;96;49;37;88;18;75;82;26;78;91;54;50;93;28;59;29;36;63;73;48;37;89;50;30;48;43
22;15;71;76;85;57;57;17;15;52;57;87;71;52;76;33;84;51;31;92;41;97;56;98;56;83;41;38;78;97
17;87;47;70;27;39;43;94;29;14;12;96;16;77;40;76;73;74;90;22;51;96;38;50;37;10;95;43;90;18
14;69;44;81;100;10;77;82;10;61;94;70;78;15;52;37;99;99;51;23;98;36;16;90;90;19;40;47;57;55
92;94;78;73;90;93;33;14;90;38;79;60;20;31;50;14;47;94;89;12;31;40;14;100;70;75;46;69;43;85
12;25;79;81;87;56;40;45;40;14;22;85;89;89;55;83;79;78;60;29;38;39;30;14;38;24;77;54;43;78
78;44;92;59;27;59;10;81;94;46;43;14;75;41;10;43;43;15;13;80;62;40;11;67;43;54;23;20;74;88
27;42;29;67;99;35;93;17;90;79;42;60;15;41;83;13;76;83;27;33;24;100;66;72;35;65;30;34;34;40
33;89;95;14;48;81;11;22;43;95;87;66;39;38;52;31;94;70;44;92;57;71;43;48;49;93;78;16;35;42
72;48;38;74;26;87;32;94;47;42;33;64;84;71;72;20;41;96;69;23;50;13;62;63;99;26;26;25;51;22
615;959;240;727;492;343;315;449;986;666;638;389;486;946;174;456;459;488;689;275;889;903;246;244;925;574;227;634;330;553
858;417;762;752;318;828;747;891;734;712;730;212;933;440;947;713;535;874;785;458;355;772;870;478;218;570;168;104;317;842
487;144;693;872;383;169;199;370;343;422;871;881;178;901;669;404;944;865;618;516;563;902;876;312;451;907;906;100;781;712
929;281;257;572;937;112;208;351;467;272;351;544;638;816;847;863;114;173;796;617;401;390;390;758;123;360;532;172;856;432
175;741;261;498;982;246;707;798;307;122;443;751;288;532;332;471;937;290;815;574;398;794;205;448;597;141;523;306;823;644
367;315;482;673;274;285;246;847;365;686;231;917;876;490;891;577;447;761;459;174;623;724;223;333;407;900;504;434;920;953
555;574;801;538;343;559;994;971;532;672;742;798;494;787;477;519;783;166;161;141;676;469;685;268;778;730;645;705;440;366
494;733;376;507;140;216;845;728;302;280;966;156;768;604;501;357;254;401;842;114;195;589;480;732;501;320;893;917;392;252
797;348;673;456;321;727;266;527;670;630;998;962;659;194;308;204;238;1000;105;145;309;215;762;802;681;406;896;153;144;554
324;408;594;255;900;624;137;523;765;465;641;503;491;351;699;299;965;921;765;123;527;217;320;650;167;603;227;819;998;928
935;660;151;180;679;854;105;518;709;500;707;485;418;277;327;510;133;912;121;977;595;679;110;418;778;738;927;666;769;593
866;826;158;430;818;628;365;662;722;694;679;884;326;299;964;183;223;282;529;355;787;654;889;713;440;705;733;414;614;154
680;161;780;188;590;680;210;306;289;608;390;234;756;578;920;381;124;993;538;578;786;368;972;665;256;284;682;842;797;669
463;939;518;418;595;923;435;819;132;447;167;260;288;641;799;671;604;169;444;246;167;533;366;625;119;583;727;532;926;686
866;912;926;625;438;541;442;303;825;843;345;890;308;934;750;984;352;167;489;944;176;587;553;448;172;656;782;298;173;227
818;597;480;271;136;584;367;992;491;826;224;715;309;555;335;236;385;780;230;819;506;602;934;384;314;308;648;332;617;351
251;334;481;886;566;927;948;529;243;462;772;242;630;789;646;840;445;841;380;593;978;934;695;262;849;280;524;459;939;123
329;257;218;298;172;529;159;282;151;205;251;639;927;619;482;810;424;669;578;995;991;593;307;156;567;540;541;971;564;628
985;105;719;921;790;314;333;337;238;933;381;684;423;422;478;798;909;823;659;987;455;744;361;640;742;597;415;357;121;913
950;781;978;295;587;552;214;181;518;438;389;915;464;817;210;342;520;551;859;803;185;909;616;857;909;575;248;882;291;587
129;109;403;643;867;224;337;416;992;824;670;607;914;582;602;149;218;713;940;315;363;649;910;880;696;375;879;752;844;229
113;242;665;265;767;309;924;266;586;245;192;269;158;917;550;895;437;437;499;793;813;873;905;577;866;987;606;927;667;941
795;488;871;326;955;997;333;384;662;265;738;682;909;126;413;342;830;180;447;768;755;147;509;870;711;874;158;904;287;930
182;232;200;309;414;966;358;860;969;764;490;718;951;115;920;201;876;772;933;990;167;574;385;847;941;530;802;854;699;512
834;781;105;411;231;454;183;766;894;728;418;354;140;213;247;666;889;655;224;189;169;855;774;804;454;254;773;112;463;958
864;723;811;400;153;976;803;835;569;853;962;778;835;531;825;889;520;751;240;776;401;931;426;827;942;237;243;187;821;591
539;603;543;949;251;366;368;253;487;553;451;857;603;410;729;541;724;762;558;328;336;244;283;795;881;164;193;784;106;892
935;546;298;533;202;912;100;241;159;110;970;704;647;714;203;593;427;977;316;876;678;112;718;167;535;979;359;347;860;295
193;418;858;285;836;258;523;234;405;249;809;865;248;277;853;662;616;510;193;481;208;536;293;588;477;379;263;944;202;657
549;586;395;606;707;481;502;686;232;589;935;240;723;641;702;315;371;104;539;685;912;174;548;388;205;888;563;459;564;362
100;100;100;100;100;100;100;100;100;100;100;100;100;100;100;100;100;100;100;100;100;100;100;100;100;100;100;100;100;100
