100;;;;;;;;;;;;;;;;;;;;;;;;;;;;;;;;;;;;;;;;;;;;;;;;;;;;;;;;;;;;;;;;;;;;;;;;;;;;;;;;;;;;;;;;;;;;;;;;;;;
0.5;;;;;;;;;;;;;;;;;;;;;;;;;;;;;;;;;;;;;;;;;;;;;;;;;;;;;;;;;;;;;;;;;;;;;;;;;;;;;;;;;;;;;;;;;;;;;;;;;;;
0.5;;;;;;;;;;;;;;;;;;;;;;;;;;;;;;;;;;;;;;;;;;;;;;;;;;;;;;;;;;;;;;;;;;;;;;;;;;;;;;;;;;;;;;;;;;;;;;;;;;;
10;;;;;;;;;;;;;;;;;;;;;;;;;;;;;;;;;;;;;;;;;;;;;;;;;;;;;;;;;;;;;;;;;;;;;;;;;;;;;;;;;;;;;;;;;;;;;;;;;;;
0;608;389;461;172;237;196;121;256;570;569;231;307;638;595;288;522;47;312;469;697;447;480;402;429;181;197;50;585;325;194;277;249;481;296;230;520;429;637;92;488;204;555;529;519;455;176;327;611;341;220;610;256;228;329;344;353;392;472;361;158;586;475;416;110;214;490;341;264;476;329;505;682;461;228;412;211;351;68;83;235;99;611;678;633;489;481;636;375;139;526;594;78;416;605;522;594;648;457;545
;;545;552;526;449;487;491;438;472;386;636;362;331;225;323;95;616;707;145;414;181;151;341;401;427;555;583;183;284;423;420;420;170;474;378;346;493;348;518;533;430;67;120;226;218;546;456;22;704;397;26;627;389;689;269;674;266;178;664;648;22;283;533;504;406;263;580;532;144;278;316;457;150;385;202;405;659;592;571;373;615;27;398;166;239;130;186;290;554;238;218;591;537;302;134;82;361;153;396
;;;72;219;193;210;378;183;216;262;203;222;364;389;327;452;352;214;415;384;373;397;204;151;361;192;418;409;394;293;180;210;374;116;359;247;70;353;338;105;428;478;425;336;326;213;107;561;193;291;530;174;292;182;339;152;288;367;136;277;523;271;31;317;282;293;66;125;409;359;259;346;419;307;445;292;136;441;439;343;305;530;371;462;313;434;452;266;250;331;392;313;29;349;411;482;357;420;234
;;;;290;255;278;444;242;160;224;273;266;329;373;374;465;425;270;434;334;393;412;220;152;422;265;488;399;438;353;234;267;386;178;414;225;62;315;407;39;488;486;432;332;338;285;160;571;244;348;535;243;348;236;377;201;312;380;184;349;532;270;46;385;341;291;134;197;426;400;246;290;440;362;478;351;187;512;509;397;378;535;324;449;314;452;437;294;322;323;377;386;45;321;418;483;317;442;198
;;;;;84;40;170;101;399;406;125;173;484;460;214;431;142;213;380;535;347;380;251;264;177;43;198;459;278;124;124;109;372;125;200;362;256;481;122;316;241;464;425;386;334;22;157;535;229;142;521;132;149;213;260;222;272;363;224;123;503;331;244;103;131;350;179;95;382;261;353;515;377;160;358;137;214;221;220;191;107;522;518;511;356;396;510;249;38;390;460;102;245;455;415;491;490;374;381
;;;;;;45;191;18;336;331;187;90;404;376;155;354;216;265;304;460;268;300;169;192;168;106;249;375;224;99;41;29;290;77;169;283;207;402;161;272;235;386;344;302;251;100;98;460;271;101;443;182;103;255;191;252;189;281;248;205;426;248;209;138;91;266;179;98;305;198;272;444;302;118;295;101;240;271;264;154;190;443;441;427;272;321;425;167;120;306;376;178;211;374;333;410;412;300;308
;;;;;;;168;63;374;374;156;133;449;421;179;392;172;241;341;503;307;340;214;233;160;72;214;419;245;98;86;69;332;103;174;328;237;446;129;300;227;424;385;347;294;59;131;496;253;111;482;158;116;236;222;240;232;323;239;163;464;293;232;106;100;311;182;95;343;225;317;486;338;129;322;107;230;236;231;163;144;482;485;471;317;357;470;209;75;351;421;134;233;419;375;451;456;336;350
;;;;;;;;206;522;503;279;229;558;501;179;409;145;370;356;626;338;370;329;373;64;212;93;486;206;105;222;188;376;266;113;449;398;560;54;463;88;442;420;426;357;187;289;493;391;127;495;295;133;376;234;390;297;368;394;232;470;391;398;67;126;402;347;260;365;216;429;620;347;126;292;118;384;105;87;121;173;496;606;531;398;367;536;284;159;435;499;142;400;523;414;483;572;343;484
;;;;;;;;;318;312;197;76;386;359;154;342;235;272;294;441;257;288;151;174;179;118;268;359;224;110;23;27;277;67;176;265;192;383;179;257;246;374;331;285;237;115;83;450;276;108;431;190;109;259;184;254;176;268;249;221;415;230;197;156;99;249;175;100;293;195;253;426;292;124;291;109;241;289;281;160;208;432;422;411;255;311;409;153;138;289;359;197;200;356;320;397;393;291;289
;;;;;;;;;;89;417;300;185;259;399;400;541;428;387;175;351;357;210;149;483;387;586;296;448;418;300;334;327;273;459;128;151;169;498;121;542;413;359;248;288;401;243;493;403;403;450;389;400;395;379;361;294;324;344;485;456;206;184;475;400;219;283;319;375;407;161;130;398;412;459;409;346;608;600;441;501;449;166;337;243;403;320;286;436;234;265;501;187;190;346;393;166;401;75
;;;;;;;;;;;449;274;104;169;357;319;546;476;313;129;280;281;174;141;456;403;577;207;396;397;291;321;251;284;424;59;192;91;488;190;509;329;276;166;217;413;252;407;455;378;363;424;373;445;327;414;239;250;398;507;370;138;234;465;377;145;326;341;299;357;89;117;325;383;394;385;399;597;587;407;512;362;113;247;168;327;230;237;444;151;175;507;238;101;264;306;94;328;28
;;;;;;;;;;;;274;542;539;336;540;185;90;491;576;455;486;327;313;299;84;274;546;402;249;216;217;474;176;325;418;266;534;225;308;359;572;527;470;431;103;206;647;113;267;629;30;273;99;377;122;373;465;132;82;613;409;235;214;255;430;138;113;491;382;418;544;490;284;479;262;122;296;304;316;132;629;561;600;441;509;595;349;121;471;540;155;233;519;516;593;541;488;421
;;;;;;;;;;;;;331;291;108;266;295;346;218;396;180;212;99;151;183;195;308;287;172;124;58;64;200;120;158;219;206;332;220;270;241;297;254;215;161;190;115;374;347;104;354;265;100;331;118;321;99;191;314;295;339;168;226;198;103;183;234;172;217;136;200;391;217;112;225;111;307;327;314;140;276;355;377;338;185;236;338;76;207;221;290;260;229;298;243;320;344;216;255
;;;;;;;;;;;;;;106;393;286;621;575;298;87;276;264;235;229;503;488;639;149;416;454;363;388;237;370;465;124;294;18;552;294;548;285;242;151;222;494;338;353;557;431;305;519;424;545;351;516;267;240;501;594;320;166;337;529;432;158;425;430;282;380;132;126;311;432;391;439;500;658;644;449;592;304;68;171;170;307;151;275;522;136;113;583;341;37;232;249;30;316;131
;;;;;;;;;;;;;;;326;182;586;588;199;192;186;167;212;239;442;473;589;43;335;403;336;354;144;362;398;147;324;123;505;344;477;179;138;76;145;474;334;247;575;377;200;520;370;562;276;538;204;149;524;578;214;129;368;485;382;110;442;426;184;303;129;232;214;375;297;386;521;605;589;384;566;199;174;78;105;206;63;220;496;70;7;551;372;76;130;143;136;218;187
;;;;;;;;;;;;;;;;234;293;419;181;469;159;192;188;253;117;251;271;308;69;100;149;127;197;216;72;299;314;398;196;377;154;268;241;252;180;236;219;329;427;75;323;335;67;410;56;408;126;188;403;331;301;229;333;181;85;235;329;254;188;46;272;474;173;62;143;83;395;284;266;58;293;324;449;351;226;194;357;120;236;263;323;268;337;356;235;306;411;170;343
;;;;;;;;;;;;;;;;;527;611;53;374;85;55;249;312;345;460;502;141;206;333;324;325;78;378;296;272;404;301;431;448;357;33;44;153;127;451;361;109;609;306;90;531;298;593;179;579;170;85;569;554;73;200;442;416;315;182;485;436;49;193;240;407;62;296;137;315;564;512;492;288;523;90;355;155;158;42;170;194;461;168;175;500;446;252;56;78;315;66;325
;;;;;;;;;;;;;;;;;;265;473;676;448;481;385;405;198;159;95;579;338;193;258;233;480;267;243;500;396;618;100;453;233;560;529;510;450;141;299;621;295;220;616;211;228;282;347;307;386;471;316;111;594;462;380;111;212;478;300;228;479;337;488;657;466;231;425;211;306;115;128;245;53;617;657;629;480;487;630;367;105;516;585;40;380;590;521;595;629;463;522
;;;;;;;;;;;;;;;;;;;564;598;526;556;381;351;390;171;359;600;487;338;287;295;540;234;413;455;284;565;316;309;450;641;594;525;495;192;257;720;35;353;697;84;358;34;456;72;440;531;89;155;684;461;244;304;341;483;149;174;563;464;461;558;564;371;561;349;83;380;390;404;214;698;585;654;497;582;647;417;211;523;590;241;241;557;581;657;570;563;448
;;;;;;;;;;;;;;;;;;;;384;41;33;214;283;292;409;449;164;156;280;276;274;62;333;243;260;372;310;377;421;307;86;71;151;100;400;319;156;564;253;143;483;245;548;125;536;127;63;526;502;123;181;408;362;262;169;443;390;15;140;227;411;14;242;98;262;521;460;440;235;470;143;365;192;145;18;204;150;408;166;194;447;412;261;72;127;324;19;314
;;;;;;;;;;;;;;;;;;;;;361;351;297;271;575;533;703;235;498;521;419;448;323;414;539;177;314;74;614;296;623;371;329;236;305;543;382;436;575;499;388;551;494;566;431;533;344;326;516;637;404;240;354;592;500;236;449;470;369;460;198;60;398;503;477;507;518;723;711;523;642;387;20;250;252;394;230;349;574;221;199;637;357;123;320;332;60;402;156
;;;;;;;;;;;;;;;;;;;;;;33;173;242;275;374;430;157;151;254;239;239;42;294;227;224;331;286;355;380;299;117;82;125;63;366;278;194;524;227;174;446;219;508;103;495;87;36;486;470;158;145;366;338;235;135;403;351;37;125;192;383;48;219;116;236;480;443;424;216;441;175;341;195;113;60;203;110;377;140;181;419;370;238;76;147;301;50;278
;;;;;;;;;;;;;;;;;;;;;;;194;259;307;406;463;134;178;287;270;272;30;323;259;229;350;277;388;397;328;85;49;118;73;399;305;165;553;260;142;476;252;537;136;523;115;32;513;503;128;152;388;371;268;138;430;381;18;155;196;378;46;252;129;269;508;475;456;248;474;143;331;166;114;46;176;139;410;133;162;452;392;228;45;114;291;51;283
;;;;;;;;;;;;;;;;;;;;;;;;72;281;261;406;220;238;223;127;153;170;150;251;119;157;234;317;210;336;273;221;144;122;263;124;357;372;203;326;309;198;358;170;338;93;163;327;367;319;82;193;295;203;103;242;214;207;198;103;292;220;209;262;211;323;425;413;234;359;326;278;274;116;233;268;79;289;144;213;348;198;205;208;280;245;221;157
;;;;;;;;;;;;;;;;;;;;;;;;;333;262;441;257;308;269;154;186;233;143;310;105;92;222;352;139;393;334;280;185;186;271;110;419;337;254;384;290;250;324;241;299;165;227;285;367;380;121;133;329;250;143;203;202;274;268;110;252;290;263;334;260;283;462;453;292;371;384;254;310;164;301;301;151;302;179;241;366;137;207;266;333;230;291;116
;;;;;;;;;;;;;;;;;;;;;;;;;;221;157;425;143;69;189;155;313;245;49;399;371;507;97;436;67;378;356;367;296;198;263;430;407;79;431;309;83;390;171;399;238;305;399;267;406;337;377;94;83;346;342;255;301;152;377;573;283;72;230;73;390;168;149;58;215;432;555;468;339;303;474;228;180;377;439;184;379;467;351;419;519;279;438
;;;;;;;;;;;;;;;;;;;;;;;;;;;230;476;317;166;140;135;396;118;242;364;239;483;161;294;284;492;449;401;356;25;151;566;185;182;549;88;188;169;293;179;295;387;182;106;532;343;220;145;171;363;144;68;410;297;359;508;407;200;394;178;172;253;255;232;114;549;516;529;371;426;526;271;60;403;473;120;220;462;439;515;491;405;377
;;;;;;;;;;;;;;;;;;;;;;;;;;;;576;299;186;287;256;468;317;206;526;451;640;89;513;165;535;512;513;446;206;345;585;386;211;588;297;219;373;326;395;384;459;402;205;563;474;442;112;208;487;374;293;457;309;508;693;440;215;384;203;392;23;32;214;145;589;684;622;484;460;626;370;170;522;587;118;443;606;506;576;652;436;556
;;;;;;;;;;;;;;;;;;;;;;;;;;;;;309;391;336;351;115;370;379;177;347;166;494;373;455;136;98;75;130;474;344;205;590;365;158;529;357;576;255;554;193;122;541;580;171;140;390;475;370;117;458;433;149;280;153;275;179;361;263;374;538;591;573;366;563;157;217;54;104;169;51;212;494;78;36;546;394;119;92;101;179;184;221
;;;;;;;;;;;;;;;;;;;;;;;;;;;;;;156;218;197;193;285;95;337;377;424;238;439;150;238;226;267;194;300;286;286;495;135;290;403;129;479;69;477;157;187;473;391;264;260;399;228;147;261;399;323;168;40;307;510;145;119;86;141;465;308;287;94;347;291;477;345;246;164;354;161;296;280;331;319;402;378;224;284;438;140;386
;;;;;;;;;;;;;;;;;;;;;;;;;;;;;;;121;87;288;176;76;343;302;455;102;367;135;366;336;327;261;146;194;430;351;27;423;255;35;334;154;339;199;279;338;234;401;288;308;84;21;300;275;190;285;146;324;514;273;38;240;18;329;204;190;66;193;424;501;439;298;294;442;183;139;335;401;167;310;419;329;402;467;270;378
;;;;;;;;;;;;;;;;;;;;;;;;;;;;;;;;34;257;67;180;242;181;360;198;246;254;355;311;262;216;138;74;432;289;113;412;206;113;272;173;265;156;248;258;243;397;207;191;175;106;226;181;113;275;186;230;405;276;128;280;117;251;308;299;163;231;413;400;389;232;294;387;132;161;266;336;220;193;333;299;376;371;275;268
;;;;;;;;;;;;;;;;;;;;;;;;;;;;;;;;;263;94;149;271;215;387;167;280;221;357;316;279;225;127;107;431;300;81;414;212;82;284;161;280;162;254;275;232;397;228;223;143;73;245;203;126;275;169;256;437;272;97;266;83;268;276;266;133;212;415;429;403;249;291;402;140;143;284;353;197;225;357;306;382;398;270;300
;;;;;;;;;;;;;;;;;;;;;;;;;;;;;;;;;;306;267;199;325;249;389;370;340;103;53;88;48;390;287;186;536;261;157;462;253;520;142;505;101;9;494;495;148;123;364;372;268;108;410;366;48;165;166;349;75;254;154;270;489;481;463;255;470;158;303;155;84;76;161;124;404;104;139;450;368;200;42;119;263;79;253
;;;;;;;;;;;;;;;;;;;;;;;;;;;;;;;;;;;243;246;134;364;232;197;312;408;359;294;261;129;32;488;230;175;464;159;176;214;238;202;207;297;194;224;451;232;132;209;166;253;114;63;331;253;243;391;335;191;345;176;187;339;334;227;229;464;397;424;266;352;419;184;162;294;363;227;134;345;347;423;373;334;258
;;;;;;;;;;;;;;;;;;;;;;;;;;;;;;;;;;;;366;359;469;142;424;84;329;308;324;253;221;254;381;427;68;382;330;67;410;124;414;198;259;413;302;357;299;371;134;77;307;348;264;252;103;342;541;234;52;182;68;404;216;197;17;254;383;519;422;298;254;428;190;211;335;395;225;373;428;303;370;482;230;409
;;;;;;;;;;;;;;;;;;;;;;;;;;;;;;;;;;;;;179;119;437;197;451;285;231;120;161;371;214;366;438;323;325;395;317;426;268;399;180;197;384;470;329;80;223;414;322;91;305;306;247;297;33;175;271;327;337;330;383;545;533;349;470;324;158;224;115;275;211;179;400;107;152;462;227;102;217;269;128;274;54
;;;;;;;;;;;;;;;;;;;;;;;;;;;;;;;;;;;;;;282;366;65;436;427;372;276;277;255;109;511;263;294;476;238;293;253;315;222;249;319;206;334;472;212;44;343;288;234;135;170;364;338;194;278;378;307;415;298;206;473;469;341;353;476;301;398;256;390;387;231;292;269;327;356;48;280;359;426;287;379;164
;;;;;;;;;;;;;;;;;;;;;;;;;;;;;;;;;;;;;;;552;280;553;301;256;161;231;490;332;370;546;433;322;511;427;535;358;505;273;251;489;589;337;169;325;529;434;164;416;424;295;387;131;109;324;435;402;441;489;659;646;453;589;321;54;189;178;320;170;279;519;146;130;580;329;49;246;266;14;328;118
;;;;;;;;;;;;;;;;;;;;;;;;;;;;;;;;;;;;;;;;429;141;464;437;429;364;136;258;522;338;128;519;242;136;323;252;339;301;380;343;177;496;387;361;23;123;401;302;216;384;239;420;604;370;136;325;119;333;109;102;145;120;520;595;542;399;390;544;285;106;436;503;89;362;518;430;502;563;366;467
;;;;;;;;;;;;;;;;;;;;;;;;;;;;;;;;;;;;;;;;;501;468;413;309;323;313;174;552;283;359;514;279;358;275;375;240;304;364;223;383;513;250;74;406;353;270;170;225;412;400;220;251;429;373;472;363;226;535;531;406;408;514;286;422;293;439;408;287;350;299;349;414;75;288;399;460;280;430;164
;;;;;;;;;;;;;;;;;;;;;;;;;;;;;;;;;;;;;;;;;;388;376;404;332;260;328;430;469;141;438;372;143;453;200;463;280;333;464;318;411;383;444;146;148;389;409;322;318;174;426;626;296;130;228;137;455;168;145;102;261;439;603;494;379;314;502;274;239;416;474;230;446;511;373;435;566;291;493
;;;;;;;;;;;;;;;;;;;;;;;;;;;;;;;;;;;;;;;;;;;55;164;151;483;389;84;638;340;57;562;332;622;212;607;200;111;597;587;45;218;466;449;348;199;513;467;81;226;254;409;95;329;165;348;592;545;525;321;556;57;353;138;174;75;155;224;493;178;172;533;470;253;68;52;315;99;337
;;;;;;;;;;;;;;;;;;;;;;;;;;;;;;;;;;;;;;;;;;;;111;99;443;339;139;589;309;105;516;301;574;185;557;154;62;546;548;100;163;412;420;316;144;462;420;58;204;199;363;84;301;168;318;542;524;505;298;521;105;310;121;119;72;133;178;456;125;131;500;416;207;13;66;270;89;283
;;;;;;;;;;;;;;;;;;;;;;;;;;;;;;;;;;;;;;;;;;;;;73;400;268;246;515;301;205;453;294;501;204;479;128;90;466;506;208;65;319;408;305;42;383;358;136;232;90;260;164;299;241;310;463;529;513;310;491;205;216;129;30;163;124;144;422;15;74;475;323;113;98;151;175;168;172
;;;;;;;;;;;;;;;;;;;;;;;;;;;;;;;;;;;;;;;;;;;;;;351;240;235;490;235;205;418;227;474;131;458;64;41;447;457;196;82;315;345;240;72;363;322;89;159;128;323;110;231;176;244;442;461;444;239;436;205;284;179;52;117;180;85;368;86;142;418;319;184;86;162;245;113;215
;;;;;;;;;;;;;;;;;;;;;;;;;;;;;;;;;;;;;;;;;;;;;;;161;555;208;164;541;111;171;192;281;204;289;381;207;105;523;345;240;120;153;364;168;88;402;282;364;520;397;182;379;159;197;229;231;213;100;541;525;527;371;416;525;267;37;404;474;101;240;466;433;509;499;395;387
;;;;;;;;;;;;;;;;;;;;;;;;;;;;;;;;;;;;;;;;;;;;;;;;471;249;188;444;186;187;234;233;218;191;278;208;256;434;205;116;235;180;226;124;93;315;251;212;359;321;202;340;191;202;367;361;238;261;445;364;398;240;337;391;168;194;267;335;259;119;314;327;401;340;321;226
;;;;;;;;;;;;;;;;;;;;;;;;;;;;;;;;;;;;;;;;;;;;;;;;;718;404;48;639;396;702;277;689;280;194;679;657;38;302;550;510;413;282;595;545;157;284;336;479;158;391;202;412;674;593;572;377;622;49;420;188;258;139;208;303;562;259;240;597;554;324;152;104;383;161;417
;;;;;;;;;;;;;;;;;;;;;;;;;;;;;;;;;;;;;;;;;;;;;;;;;;364;694;97;369;16;460;42;438;527;59;185;682;450;221;325;353;472;133;175;561;470;447;533;564;382;566;360;57;408;417;416;242;694;563;644;488;582;636;414;232;512;578;268;218;541;576;651;550;563;427
;;;;;;;;;;;;;;;;;;;;;;;;;;;;;;;;;;;;;;;;;;;;;;;;;;;396;269;8;347;127;349;173;252;347;257;375;264;304;111;11;276;280;197;259;121;302;495;247;17;217;9;338;228;213;53;218;397;479;413;272;267;416;158;162;310;375;193;306;396;302;375;445;244;360
;;;;;;;;;;;;;;;;;;;;;;;;;;;;;;;;;;;;;;;;;;;;;;;;;;;;618;388;678;268;662;257;166;652;644;30;265;517;505;405;244;568;523;139;280;296;432;149;385;211;405;647;598;577;375;613;1;372;139;221;129;159;280;551;217;193;590;521;277;118;57;335;153;374
;;;;;;;;;;;;;;;;;;;;;;;;;;;;;;;;;;;;;;;;;;;;;;;;;;;;;274;81;373;97;361;453;105;112;604;391;206;228;258;412;109;96;482;380;397;517;482;287;477;265;95;320;326;320;158;619;536;583;425;501;578;338;136;453;522;179;204;497;504;580;517;481;396
;;;;;;;;;;;;;;;;;;;;;;;;;;;;;;;;;;;;;;;;;;;;;;;;;;;;;;352;119;353;165;244;351;264;367;258;304;119;18;269;283;201;251;114;296;490;239;15;210;17;342;235;220;51;226;389;474;405;265;259;408;151;169;303;368;201;306;389;294;367;439;236;355
;;;;;;;;;;;;;;;;;;;;;;;;;;;;;;;;;;;;;;;;;;;;;;;;;;;;;;;444;37;422;512;54;174;666;436;212;310;336;458;120;159;545;453;434;525;548;365;550;344;49;395;403;399;229;678;553;630;474;566;622;398;217;498;564;254;209;529;561;636;540;547;417
;;;;;;;;;;;;;;;;;;;;;;;;;;;;;;;;;;;;;;;;;;;;;;;;;;;;;;;;438;88;134;431;380;247;192;341;237;136;194;352;285;132;29;239;441;119;116;107;136;424;339;321;112;345;269;410;297;181;139;303;92;285;217;273;321;344;313;180;250;371;116;317
;;;;;;;;;;;;;;;;;;;;;;;;;;;;;;;;;;;;;;;;;;;;;;;;;;;;;;;;;409;496;17;202;652;414;180;323;338;437;96;154;532;449;409;491;537;367;544;347;16;418;424;402;254;663;521;608;454;554;599;385;233;476;540;277;177;501;545;619;509;536;386
;;;;;;;;;;;;;;;;;;;;;;;;;;;;;;;;;;;;;;;;;;;;;;;;;;;;;;;;;;92;399;394;244;104;282;281;177;109;316;266;123;117;150;353;131;170;169;182;394;401;384;182;372;257;324;243;101;146;244;23;305;138;202;354;286;230;143;220;286;131;229
;;;;;;;;;;;;;;;;;;;;;;;;;;;;;;;;;;;;;;;;;;;;;;;;;;;;;;;;;;;486;486;156;119;357;363;259;106;402;357;50;158;164;350;75;245;151;261;481;473;455;246;461;166;305;163;82;78;169;115;395;105;144;440;361;202;51;128;265;78;251
;;;;;;;;;;;;;;;;;;;;;;;;;;;;;;;;;;;;;;;;;;;;;;;;;;;;;;;;;;;;213;642;401;164;327;336;424;84;150;523;444;394;474;528;365;538;345;10;425;431;400;263;652;504;594;441;545;585;376;237;463;527;284;160;486;533;607;493;528;370
;;;;;;;;;;;;;;;;;;;;;;;;;;;;;;;;;;;;;;;;;;;;;;;;;;;;;;;;;;;;;625;449;308;174;246;468;216;166;505;378;465;609;498;272;474;250;204;226;237;298;61;645;620;633;476;518;630;372;95;508;578;92;307;568;538;614;597;496;480
;;;;;;;;;;;;;;;;;;;;;;;;;;;;;;;;;;;;;;;;;;;;;;;;;;;;;;;;;;;;;;263;512;482;384;244;558;510;121;257;298;446;127;363;183;383;637;572;551;351;592;31;387;160;220;107;179;267;531;221;207;568;516;290;114;72;350;130;380
;;;;;;;;;;;;;;;;;;;;;;;;;;;;;;;;;;;;;;;;;;;;;;;;;;;;;;;;;;;;;;;254;366;266;22;318;296;169;221;48;249;192;266;256;273;398;492;478;283;438;264;219;193;43;197;186;109;368;62;131;426;258;131;149;213;182;195;133
;;;;;;;;;;;;;;;;;;;;;;;;;;;;;;;;;;;;;;;;;;;;;;;;;;;;;;;;;;;;;;;;339;296;276;98;152;401;362;238;314;413;319;444;306;164;465;463;354;334;517;341;442;297;426;431;262;277;312;371;341;4;324;398;467;329;414;206
;;;;;;;;;;;;;;;;;;;;;;;;;;;;;;;;;;;;;;;;;;;;;;;;;;;;;;;;;;;;;;;;;104;380;282;196;369;226;398;580;355;120;315;102;317;133;125;134;121;506;572;523;379;376;525;264;93;416;483;91;340;496;413;485;541;352;443
;;;;;;;;;;;;;;;;;;;;;;;;;;;;;;;;;;;;;;;;;;;;;;;;;;;;;;;;;;;;;;;;;;279;270;187;267;132;302;494;256;29;228;10;327;225;211;64;208;406;480;419;276;276;421;161;151;314;380;184;299;398;309;383;446;253;358
;;;;;;;;;;;;;;;;;;;;;;;;;;;;;;;;;;;;;;;;;;;;;;;;;;;;;;;;;;;;;;;;;;;340;317;156;223;58;251;180;276;249;285;421;505;490;291;456;244;216;171;24;184;165;118;386;40;110;442;281;121;130;191;177;183;145
;;;;;;;;;;;;;;;;;;;;;;;;;;;;;;;;;;;;;;;;;;;;;;;;;;;;;;;;;;;;;;;;;;;;87;439;367;314;412;446;297;460;280;80;398;399;333;250;568;436;512;357;462;503;293;204;380;445;263;96;408;449;523;420;445;298
;;;;;;;;;;;;;;;;;;;;;;;;;;;;;;;;;;;;;;;;;;;;;;;;;;;;;;;;;;;;;;;;;;;;;388;295;305;443;390;215;391;196;141;316;315;251;183;523;454;487;329;408;482;242;125;358;427;188;152;407;408;484;432;389;314
;;;;;;;;;;;;;;;;;;;;;;;;;;;;;;;;;;;;;;;;;;;;;;;;;;;;;;;;;;;;;;;;;;;;;;148;214;397;29;249;113;267;517;469;449;243;474;139;350;178;132;28;189;147;412;152;179;452;405;246;58;118;309;34;301
;;;;;;;;;;;;;;;;;;;;;;;;;;;;;;;;;;;;;;;;;;;;;;;;;;;;;;;;;;;;;;;;;;;;;;;268;471;131;107;97;129;436;320;300;95;339;281;439;320;210;151;327;121;283;245;299;313;366;342;200;267;401;127;346
;;;;;;;;;;;;;;;;;;;;;;;;;;;;;;;;;;;;;;;;;;;;;;;;;;;;;;;;;;;;;;;;;;;;;;;;202;238;305;304;310;392;527;514;325;461;295;177;204;82;242;192;152;391;79;133;451;242;102;186;241;143;241;87
;;;;;;;;;;;;;;;;;;;;;;;;;;;;;;;;;;;;;;;;;;;;;;;;;;;;;;;;;;;;;;;;;;;;;;;;;424;501;499;502;476;713;703;524;620;431;65;297;271;423;278;354;553;245;239;617;317;156;352;375;96;428;137
;;;;;;;;;;;;;;;;;;;;;;;;;;;;;;;;;;;;;;;;;;;;;;;;;;;;;;;;;;;;;;;;;;;;;;;;;;235;84;255;522;450;430;226;465;150;378;206;157;20;217;153;404;179;208;441;417;274;87;138;338;5;325
;;;;;;;;;;;;;;;;;;;;;;;;;;;;;;;;;;;;;;;;;;;;;;;;;;;;;;;;;;;;;;;;;;;;;;;;;;;201;22;356;230;214;36;231;386;483;407;271;256;411;157;178;308;373;206;321;397;294;366;448;232;366
;;;;;;;;;;;;;;;;;;;;;;;;;;;;;;;;;;;;;;;;;;;;;;;;;;;;;;;;;;;;;;;;;;;;;;;;;;;;224;531;391;369;180;432;212;457;289;228;97;301;184;379;256;291;405;448;354;171;215;417;79;390
;;;;;;;;;;;;;;;;;;;;;;;;;;;;;;;;;;;;;;;;;;;;;;;;;;;;;;;;;;;;;;;;;;;;;;;;;;;;;336;219;205;55;210;405;487;422;281;276;425;167;155;319;384;185;309;404;311;384;453;252;367
;;;;;;;;;;;;;;;;;;;;;;;;;;;;;;;;;;;;;;;;;;;;;;;;;;;;;;;;;;;;;;;;;;;;;;;;;;;;;;415;421;391;253;647;506;592;438;539;583;370;227;460;524;274;161;485;529;603;493;522;371
;;;;;;;;;;;;;;;;;;;;;;;;;;;;;;;;;;;;;;;;;;;;;;;;;;;;;;;;;;;;;;;;;;;;;;;;;;;;;;;23;226;166;599;703;636;501;470;641;387;193;538;603;141;466;624;519;587;671;446;576
;;;;;;;;;;;;;;;;;;;;;;;;;;;;;;;;;;;;;;;;;;;;;;;;;;;;;;;;;;;;;;;;;;;;;;;;;;;;;;;;208;176;578;691;618;485;450;623;371;195;523;587;149;464;610;500;567;658;426;566
;;;;;;;;;;;;;;;;;;;;;;;;;;;;;;;;;;;;;;;;;;;;;;;;;;;;;;;;;;;;;;;;;;;;;;;;;;;;;;;;;252;376;502;410;283;246;415;174;205;320;381;224;357;412;292;361;466;222;391
;;;;;;;;;;;;;;;;;;;;;;;;;;;;;;;;;;;;;;;;;;;;;;;;;;;;;;;;;;;;;;;;;;;;;;;;;;;;;;;;;;614;625;614;461;485;614;351;70;495;565;31;334;563;512;588;598;462;487
;;;;;;;;;;;;;;;;;;;;;;;;;;;;;;;;;;;;;;;;;;;;;;;;;;;;;;;;;;;;;;;;;;;;;;;;;;;;;;;;;;;371;138;221;130;158;281;551;216;192;591;521;276;118;56;334;154;374
;;;;;;;;;;;;;;;;;;;;;;;;;;;;;;;;;;;;;;;;;;;;;;;;;;;;;;;;;;;;;;;;;;;;;;;;;;;;;;;;;;;;235;232;375;215;328;556;200;181;618;344;103;300;316;40;383;140
;;;;;;;;;;;;;;;;;;;;;;;;;;;;;;;;;;;;;;;;;;;;;;;;;;;;;;;;;;;;;;;;;;;;;;;;;;;;;;;;;;;;;158;192;20;263;546;131;72;597;446;149;121;89;201;211;265
;;;;;;;;;;;;;;;;;;;;;;;;;;;;;;;;;;;;;;;;;;;;;;;;;;;;;;;;;;;;;;;;;;;;;;;;;;;;;;;;;;;;;;160;154;114;392;37;104;445;301;132;106;169;192;160;169
;;;;;;;;;;;;;;;;;;;;;;;;;;;;;;;;;;;;;;;;;;;;;;;;;;;;;;;;;;;;;;;;;;;;;;;;;;;;;;;;;;;;;;;205;169;424;178;200;461;430;271;77;120;334;24;329
;;;;;;;;;;;;;;;;;;;;;;;;;;;;;;;;;;;;;;;;;;;;;;;;;;;;;;;;;;;;;;;;;;;;;;;;;;;;;;;;;;;;;;;;263;545;124;59;597;435;131;131;108;181;222;249
;;;;;;;;;;;;;;;;;;;;;;;;;;;;;;;;;;;;;;;;;;;;;;;;;;;;;;;;;;;;;;;;;;;;;;;;;;;;;;;;;;;;;;;;;283;152;218;334;266;239;167;244;292;153;225
;;;;;;;;;;;;;;;;;;;;;;;;;;;;;;;;;;;;;;;;;;;;;;;;;;;;;;;;;;;;;;;;;;;;;;;;;;;;;;;;;;;;;;;;;;426;496;65;277;493;446;523;529;401;419
;;;;;;;;;;;;;;;;;;;;;;;;;;;;;;;;;;;;;;;;;;;;;;;;;;;;;;;;;;;;;;;;;;;;;;;;;;;;;;;;;;;;;;;;;;;70;481;316;98;112;161;160;183;158
;;;;;;;;;;;;;;;;;;;;;;;;;;;;;;;;;;;;;;;;;;;;;;;;;;;;;;;;;;;;;;;;;;;;;;;;;;;;;;;;;;;;;;;;;;;;550;375;83;123;136;143;213;192
;;;;;;;;;;;;;;;;;;;;;;;;;;;;;;;;;;;;;;;;;;;;;;;;;;;;;;;;;;;;;;;;;;;;;;;;;;;;;;;;;;;;;;;;;;;;;341;553;492;566;590;438;483
;;;;;;;;;;;;;;;;;;;;;;;;;;;;;;;;;;;;;;;;;;;;;;;;;;;;;;;;;;;;;;;;;;;;;;;;;;;;;;;;;;;;;;;;;;;;;;328;403;471;332;418;210
;;;;;;;;;;;;;;;;;;;;;;;;;;;;;;;;;;;;;;;;;;;;;;;;;;;;;;;;;;;;;;;;;;;;;;;;;;;;;;;;;;;;;;;;;;;;;;;197;220;63;279;124
;;;;;;;;;;;;;;;;;;;;;;;;;;;;;;;;;;;;;;;;;;;;;;;;;;;;;;;;;;;;;;;;;;;;;;;;;;;;;;;;;;;;;;;;;;;;;;;;76;261;91;270
;;;;;;;;;;;;;;;;;;;;;;;;;;;;;;;;;;;;;;;;;;;;;;;;;;;;;;;;;;;;;;;;;;;;;;;;;;;;;;;;;;;;;;;;;;;;;;;;;279;143;318
;;;;;;;;;;;;;;;;;;;;;;;;;;;;;;;;;;;;;;;;;;;;;;;;;;;;;;;;;;;;;;;;;;;;;;;;;;;;;;;;;;;;;;;;;;;;;;;;;;342;122
;;;;;;;;;;;;;;;;;;;;;;;;;;;;;;;;;;;;;;;;;;;;;;;;;;;;;;;;;;;;;;;;;;;;;;;;;;;;;;;;;;;;;;;;;;;;;;;;;;;328
;;;;;;;;;;;;;;;;;;;;;;;;;;;;;;;;;;;;;;;;;;;;;;;;;;;;;;;;;;;;;;;;;;;;;;;;;;;;;;;;;;;;;;;;;;;;;;;;;;;0
0;10;186;395;10;96;516;325;10;757;10;199;10;10;10;285;271;12;669;467;10;10;95;261;10;10;488;10;10;244;209;10;829;10;356;10;483;818;608;10;107;1242;10;118;118;130;10;155;54;10;10;10;10;10;56;465;10;212;164;50;54;93;354;207;179;170;226;10;66;164;441;432;15;106;84;54;10;148;86;61;91;72;99;99;10;10;129;10;109;10;109;156;108;70;10;10;36;83;45;159
10;0;10;10;10;10;10;10;10;10;10;10;10;10;10;10;10;10;10;10;10;10;10;10;10;10;10;10;10;10;10;10;10;10;10;10;10;10;10;10;10;20;10;10;10;10;10;10;10;10;10;10;10;10;10;10;10;10;10;10;10;10;10;10;10;10;10;10;10;10;10;10;10;10;10;10;10;10;10;10;10;10;10;10;10;10;10;10;10;10;10;10;10;10;10;10;10;10;10;10
194;10;0;198;10;48;258;163;10;379;10;100;10;10;10;143;136;10;335;234;10;10;48;131;10;10;244;10;10;123;105;10;415;10;179;10;242;410;305;10;54;627;10;59;59;65;10;78;27;10;10;10;10;10;28;233;10;106;82;25;28;47;178;104;90;86;113;10;33;82;221;216;10;53;42;27;10;74;43;31;46;36;50;50;10;10;65;10;55;10;55;79;54;36;10;10;19;42;23;80
193;10;93;0;10;48;257;162;10;377;10;100;10;10;10;142;135;10;334;233;10;10;48;130;10;10;243;10;10;122;104;10;413;10;178;10;241;408;303;10;53;625;10;59;59;65;10;77;27;10;10;10;10;10;28;232;10;106;82;25;27;47;177;103;90;85;113;10;33;82;220;215;10;53;42;27;10;74;43;31;45;36;50;50;10;10;65;10;55;10;55;78;54;35;10;10;18;42;23;80
13;10;10;13;0;10;17;11;10;25;10;10;10;10;10;10;10;10;22;16;10;10;10;10;10;10;16;10;10;10;10;10;28;10;12;10;16;27;20;10;10;51;10;10;10;10;10;10;10;10;10;10;10;10;10;16;10;10;10;10;10;10;12;10;10;10;10;10;10;10;15;15;10;10;10;10;10;10;10;10;10;10;10;10;10;10;10;10;10;10;10;10;10;10;10;10;10;10;10;10
72;10;35;74;10;0;96;61;10;141;10;37;10;10;10;358;51;14;125;587;10;10;120;327;10;10;91;10;10;46;262;10;154;10;447;10;90;152;113;10;20;239;10;148;148;163;10;194;67;10;10;10;10;10;57;87;10;40;206;63;68;95;66;39;34;214;283;10;67;71;82;81;19;133;86;55;10;64;37;76;114;90;125;102;10;10;56;10;47;10;137;196;135;88;10;10;37;84;46;69
303;10;145;309;10;75;0;254;10;592;10;156;10;10;10;223;212;10;523;366;10;10;75;204;10;10;382;10;10;191;164;10;649;10;279;10;378;640;476;10;83;974;10;93;92;102;10;121;42;10;10;10;10;10;44;364;10;166;129;39;43;73;277;162;140;133;177;10;52;128;345;338;12;83;66;42;10;116;67;48;71;56;78;78;10;10;101;10;86;10;85;123;84;55;10;10;29;65;36;125
115;10;55;118;10;29;153;0;10;225;10;59;10;10;10;85;81;10;199;139;10;10;29;78;10;10;145;10;10;73;62;10;246;10;106;10;144;243;181;10;32;376;10;35;35;39;10;46;16;10;10;10;10;10;17;138;10;63;49;15;16;28;105;62;54;51;67;10;20;49;131;128;10;32;25;16;10;44;26;18;27;22;30;30;10;10;39;10;33;10;33;47;32;21;10;10;11;25;14;47
10;10;10;10;10;10;10;10;0;10;10;10;10;10;10;10;10;10;10;10;10;10;10;10;10;10;10;10;10;10;10;10;10;10;10;10;10;10;10;10;10;20;10;10;10;10;10;10;10;10;10;10;10;10;10;10;10;10;10;10;10;10;10;10;10;10;10;10;10;10;10;10;10;10;10;10;10;10;10;10;10;10;10;10;10;10;10;10;10;10;10;10;10;10;10;10;10;10;10;10
158;10;76;161;10;39;210;133;10;0;10;82;10;10;10;117;111;10;273;191;10;10;39;107;10;10;199;10;10;100;85;10;338;10;145;10;197;334;248;10;44;513;10;48;48;53;10;63;22;10;10;10;10;10;23;190;10;87;67;21;23;38;145;85;73;70;92;10;27;67;180;176;10;43;35;22;10;61;35;25;37;30;41;41;10;10;53;10;45;10;45;64;44;29;10;10;15;34;19;65
10;10;10;10;10;10;10;10;10;10;0;10;10;10;10;10;10;10;10;16;10;10;10;10;10;10;10;10;10;10;10;10;10;10;12;10;10;10;10;10;10;20;10;10;10;10;10;10;10;10;10;10;10;10;10;10;10;10;10;10;10;10;10;10;10;10;10;10;10;10;10;10;10;10;10;10;10;10;10;10;10;10;10;10;10;10;10;10;10;10;10;10;10;10;10;10;10;10;10;10
64;10;31;65;10;16;85;54;10;125;10;0;10;10;10;47;45;10;110;77;10;10;16;43;10;10;80;10;10;40;35;10;136;10;59;10;80;135;100;10;18;213;10;20;20;22;10;26;10;10;10;10;10;10;10;77;10;35;27;10;10;16;59;34;30;28;37;10;11;27;73;71;10;18;14;10;10;25;14;10;15;12;17;17;10;10;22;10;18;10;18;26;18;12;10;10;10;14;10;27
10;10;10;10;10;10;10;10;10;10;10;10;0;10;10;10;10;10;10;10;10;10;10;10;10;10;10;10;10;10;10;10;10;10;10;10;10;10;10;10;10;20;10;10;10;10;10;10;10;10;10;10;10;10;10;10;10;10;10;10;10;10;10;10;10;10;10;10;10;10;10;10;10;10;10;10;10;10;10;10;10;10;10;10;10;10;10;10;10;10;10;10;10;10;10;10;10;10;10;10
10;10;10;10;10;10;10;10;10;10;10;10;10;0;10;10;10;10;10;10;10;10;10;10;10;10;10;10;10;10;10;10;10;10;10;10;10;10;10;10;10;20;10;10;10;10;10;10;10;10;10;10;10;10;10;10;10;10;10;10;10;10;10;10;10;10;10;10;10;10;10;10;10;10;10;10;10;10;10;10;10;10;10;10;10;10;10;10;10;10;10;10;10;10;10;10;10;10;10;10
10;10;10;10;10;10;10;10;10;13;10;10;10;10;0;10;10;10;11;10;10;10;10;10;10;10;10;10;10;10;10;10;14;10;10;10;10;14;10;10;10;31;10;10;10;10;10;10;10;10;10;10;10;10;10;10;10;10;10;10;10;10;10;10;10;10;10;10;10;10;10;10;10;10;10;10;10;10;10;10;10;10;10;10;10;10;10;10;10;10;10;10;10;10;10;10;10;10;10;10
175;10;84;179;10;292;233;147;10;342;10;90;10;10;10;0;123;34;303;1427;10;10;290;796;10;10;221;10;10;111;637;10;375;10;1087;10;219;370;275;10;48;567;10;360;360;395;10;472;163;10;10;10;10;10;138;211;10;96;501;152;165;230;160;94;81;519;688;19;163;172;200;195;46;322;208;132;10;155;90;185;276;218;302;246;10;10;136;10;115;10;332;477;328;214;10;21;90;205;112;167
40;10;19;41;10;10;53;33;10;77;10;21;10;10;10;29;0;10;68;48;10;10;10;27;10;10;50;10;10;25;22;10;85;10;37;10;49;83;62;10;11;136;10;12;12;14;10;16;10;10;10;10;10;10;10;48;10;22;17;10;10;10;36;21;19;18;23;10;10;17;45;44;10;11;10;10;10;15;10;10;10;10;11;11;10;10;14;10;12;10;12;16;11;10;10;10;10;10;10;17
28;10;14;28;10;46;37;23;10;54;10;15;10;10;10;136;20;0;48;223;10;10;46;125;10;10;35;10;10;18;100;10;59;10;170;10;35;58;43;10;10;97;10;57;57;62;10;74;26;10;10;10;10;10;22;33;10;15;79;24;26;36;25;15;13;82;108;10;26;27;32;31;10;51;33;21;10;25;14;29;44;35;48;39;10;10;22;10;18;10;52;75;52;34;10;10;14;32;18;26
609;10;292;621;10;150;811;511;10;1190;10;313;10;10;10;448;426;18;0;735;10;10;150;410;10;10;767;10;10;384;328;10;1303;10;560;10;760;1286;956;10;167;1948;10;185;185;204;10;243;84;10;10;10;10;10;88;732;10;332;258;78;85;146;557;325;282;267;355;12;103;257;694;678;24;166;132;84;10;232;134;95;142;113;156;156;10;10;203;10;172;10;171;246;169;111;10;11;57;130;71;250
189;10;91;193;10;315;252;159;10;370;10;98;10;10;10;940;132;37;327;0;10;10;313;859;10;10;238;10;10;119;688;10;405;10;1174;10;236;399;297;10;52;612;10;388;388;427;10;510;176;10;10;10;10;10;149;227;10;103;541;164;179;248;173;101;88;560;743;21;176;185;216;211;50;348;224;143;10;167;97;199;298;236;326;266;10;10;146;10;124;10;359;515;355;231;10;22;97;221;121;180
10;10;10;10;10;10;10;10;10;10;10;10;10;10;10;11;10;10;10;18;0;10;10;10;10;10;10;10;10;10;10;10;10;10;13;10;10;10;10;10;10;20;10;10;10;10;10;10;10;10;10;10;10;10;10;10;10;10;10;10;10;10;10;10;10;10;10;10;10;10;10;10;10;10;10;10;10;10;10;10;10;10;10;10;10;10;10;10;10;10;10;10;10;10;10;10;10;10;10;10
10;10;10;10;10;10;10;10;10;10;10;10;10;10;10;10;10;10;10;10;10;0;10;10;10;10;10;10;10;10;10;10;10;10;10;10;10;10;10;10;10;20;10;10;10;10;10;10;10;10;10;10;10;10;10;10;10;10;10;10;10;10;10;10;10;10;10;10;10;10;10;10;10;10;10;10;10;10;10;10;10;10;10;10;10;10;10;10;10;10;10;10;10;10;10;10;10;10;10;10
16;10;10;16;10;26;21;13;10;30;10;10;10;10;10;76;11;10;27;125;10;10;0;70;10;10;20;10;10;10;56;10;33;10;95;10;19;33;24;10;10;59;10;32;32;35;10;42;15;10;10;10;10;10;12;19;10;10;44;14;15;20;14;10;10;46;60;10;15;15;18;17;10;29;19;12;10;14;10;17;24;19;27;22;10;10;12;10;10;10;29;42;29;19;10;10;10;18;10;15
81;10;39;83;10;135;108;68;10;158;10;42;10;10;10;402;57;16;140;658;10;10;134;0;10;10;102;10;10;51;294;10;173;10;502;10;101;171;127;10;23;267;10;166;166;183;10;218;75;10;10;10;10;10;64;97;10;44;231;70;77;106;74;44;38;240;318;10;75;79;92;90;22;149;96;61;10;72;42;85;128;101;140;114;10;10;63;10;53;10;153;220;152;99;10;10;42;95;52;77
10;10;10;10;10;10;10;10;10;10;10;10;10;10;10;10;10;10;10;10;10;10;10;10;0;10;10;10;10;10;10;10;10;10;10;10;10;10;10;10;10;20;10;10;10;10;10;10;10;10;10;10;10;10;10;10;10;10;10;10;10;10;10;10;10;10;10;10;10;10;10;10;10;10;10;10;10;10;10;10;10;10;10;10;10;10;10;10;10;10;10;10;10;10;10;10;10;10;10;10
10;10;10;10;10;10;10;10;10;10;10;10;10;10;10;10;10;10;10;10;10;10;10;10;10;0;10;10;10;10;10;10;10;10;10;10;10;10;10;10;10;20;10;10;10;10;10;10;10;10;10;10;10;10;10;10;10;10;10;10;10;10;10;10;10;10;10;10;10;10;10;10;10;10;10;10;10;10;10;10;10;10;10;10;10;10;10;10;10;10;10;10;10;10;10;10;10;10;10;10
1754;10;841;1791;10;433;2337;1473;10;3431;10;903;10;10;10;1292;1226;51;3032;2119;10;10;430;1181;10;10;0;10;10;1106;946;10;3758;10;1614;10;2190;3707;2756;10;482;5599;10;534;534;587;10;701;241;10;10;10;10;10;252;2110;15;958;743;225;245;420;1605;938;812;771;1022;35;297;741;2000;1956;68;478;379;241;10;670;386;274;410;324;449;449;10;10;585;10;494;10;493;708;487;318;10;31;164;374;204;720
10;10;10;10;10;10;10;10;10;10;10;10;10;10;10;10;10;10;10;10;10;10;10;10;10;10;10;0;10;10;10;10;10;10;10;10;10;10;10;10;10;20;10;10;10;10;10;10;10;10;10;10;10;10;10;10;10;10;10;10;10;10;10;10;10;10;10;10;10;10;10;10;10;10;10;10;10;10;10;10;10;10;10;10;10;10;10;10;10;10;10;10;10;10;10;10;10;10;10;10
10;10;10;10;10;10;10;10;10;10;10;10;10;10;10;10;10;10;10;10;10;10;10;10;10;10;10;10;0;10;10;10;10;10;10;10;10;10;10;10;10;20;10;10;10;10;10;10;10;10;10;10;10;10;10;10;10;10;10;10;10;10;10;10;10;10;10;10;10;10;10;10;10;10;10;10;10;10;10;10;10;10;10;10;10;10;10;10;10;10;10;10;10;10;10;10;10;10;10;10
100;10;48;102;10;25;133;84;10;195;10;52;10;10;10;74;70;10;173;121;10;10;25;68;10;10;126;10;10;0;54;10;214;10;92;10;125;211;157;10;28;328;10;31;31;34;10;40;14;10;10;10;10;10;15;120;10;55;43;13;14;24;92;54;47;44;59;10;17;43;114;112;10;28;22;14;10;39;22;16;24;19;26;26;10;10;34;10;29;10;28;41;28;19;10;10;10;22;12;41
47;10;23;48;10;78;63;40;10;92;10;24;10;10;10;232;33;10;81;381;10;10;78;212;10;10;59;10;10;30;0;10;100;10;290;10;59;99;74;10;13;159;10;96;96;106;10;126;44;10;10;10;10;10;37;57;10;26;134;41;44;62;43;25;22;139;184;10;44;46;54;52;13;86;56;36;10;42;24;50;74;59;81;66;10;10;36;10;31;10;89;128;88;57;10;10;24;55;30;45
10;10;10;10;10;10;10;10;10;10;10;10;10;10;10;10;10;10;10;10;10;10;10;10;10;10;10;10;10;10;10;0;10;10;10;10;10;10;10;10;10;20;10;10;10;10;10;10;10;10;10;10;10;10;10;10;10;10;10;10;10;10;10;10;10;10;10;10;10;10;10;10;10;10;10;10;10;10;10;10;10;10;10;10;10;10;10;10;10;10;10;10;10;10;10;10;10;10;10;10
446;10;214;456;10;110;594;375;10;873;10;230;10;10;10;329;312;13;771;539;10;10;110;301;10;10;562;10;10;282;241;10;0;10;411;10;557;943;701;10;123;1431;10;136;136;149;10;178;62;10;10;10;10;10;64;537;10;244;189;58;63;107;408;239;207;196;260;10;76;189;509;498;18;122;97;62;10;171;99;70;104;83;114;115;10;10;149;10;126;10;126;180;124;81;10;10;42;95;52;183
121;10;58;123;10;201;161;101;10;236;10;62;10;10;10;599;85;24;208;982;10;10;200;547;10;10;152;10;10;76;439;10;258;0;748;10;151;255;189;10;33;394;10;248;248;272;10;325;112;10;10;10;10;10;95;145;10;66;345;105;114;158;110;65;56;357;474;13;112;118;138;135;32;222;143;91;10;107;62;127;190;150;208;169;10;10;93;10;79;10;229;328;226;148;10;14;62;141;77;115
202;10;97;207;10;337;270;170;10;396;10;104;10;10;10;1006;142;40;350;1649;10;10;335;920;10;10;255;10;10;128;737;10;433;10;0;10;253;427;318;10;56;654;10;416;416;457;10;545;188;10;10;10;10;10;160;243;10;111;579;175;191;266;185;108;94;600;796;22;188;198;231;226;53;373;240;153;10;179;104;213;319;252;349;284;10;10;157;10;132;10;384;551;379;248;10;24;104;237;129;193
10;10;10;10;10;10;10;10;10;10;10;10;10;10;10;16;10;10;10;26;10;10;10;15;10;10;10;10;10;10;12;10;10;10;20;0;10;10;10;10;10;20;10;10;10;10;10;10;10;10;10;10;10;10;10;10;10;10;10;10;10;10;10;10;10;10;13;10;10;10;10;10;10;10;10;10;10;10;10;10;10;10;10;10;10;10;10;10;10;10;10;10;10;10;10;10;10;10;10;10
278;10;133;283;10;69;370;233;10;542;10;143;10;10;10;204;194;10;479;335;10;10;68;187;10;10;349;10;10;175;150;10;594;10;255;10;0;586;436;10;76;893;10;85;85;93;10;111;39;10;10;10;10;10;40;334;10;152;118;36;39;67;254;149;129;122;162;10;47;117;316;309;11;76;60;39;10;106;61;44;65;52;71;71;10;10;93;10;78;10;78;112;77;51;10;10;26;59;33;114
76;10;37;77;10;19;101;64;10;148;10;39;10;10;10;56;53;10;131;91;10;10;19;51;10;10;95;10;10;48;41;10;162;10;70;10;94;0;119;10;21;250;10;23;23;26;10;31;11;10;10;10;10;10;11;91;10;42;32;10;11;18;69;41;35;34;44;10;13;32;86;84;10;21;17;11;10;29;17;12;18;14;20;20;10;10;26;10;22;10;22;31;21;14;10;10;10;17;10;31
447;10;214;456;10;111;595;375;10;874;10;230;10;10;10;329;312;13;772;540;10;10;110;301;10;10;563;10;10;282;241;10;957;10;411;10;558;944;0;10;123;1433;10;136;136;150;10;179;62;10;10;10;10;10;65;537;10;244;189;58;63;107;409;239;207;196;260;10;76;189;509;498;18;122;97;62;10;171;99;70;105;83;115;115;10;10;149;10;126;10;126;181;124;81;10;10;42;95;52;184
10;51;10;33;20;10;75;10;27;10;19;10;10;10;10;10;10;10;67;47;10;10;10;39;10;10;49;40;10;25;21;10;82;10;36;10;48;81;61;0;11;132;10;12;12;13;10;16;10;11;10;17;10;10;10;46;10;21;17;10;10;10;35;21;18;17;10;10;26;17;44;43;10;11;10;10;10;15;10;10;10;23;10;10;10;10;13;10;11;10;11;16;11;10;100;10;10;28;10;16
268;10;129;274;10;66;357;225;10;524;10;138;10;10;10;197;187;10;463;324;10;10;66;181;10;10;338;10;10;169;145;10;574;10;247;10;334;566;421;10;0;863;10;82;82;90;10;107;37;10;10;10;10;10;39;322;10;146;114;35;38;64;245;143;124;118;156;10;46;113;306;299;11;73;58;37;10;103;59;42;63;50;69;69;10;10;90;10;76;10;76;108;75;49;10;10;25;57;32;110
1549;20;742;1581;20;385;2063;1300;20;3029;20;797;20;20;20;1141;1083;54;2677;1870;20;20;383;1043;20;20;1951;20;20;977;835;20;3317;20;1425;20;1933;3273;2433;20;427;0;20;472;472;518;20;619;219;20;20;20;20;20;228;1862;23;846;656;205;223;373;1417;828;717;680;902;40;267;654;1766;1727;69;424;338;219;20;591;345;247;365;290;398;399;20;20;516;20;438;20;437;625;432;285;20;37;152;334;187;635
149;10;72;152;10;37;198;125;10;291;10;77;10;10;10;110;104;10;257;180;10;10;37;100;10;10;188;10;10;94;81;10;319;10;137;10;186;314;234;10;41;484;0;46;46;50;10;60;21;10;10;10;10;10;22;179;10;82;63;20;21;36;136;80;69;66;87;10;26;63;170;166;10;41;33;21;10;57;33;24;35;28;38;38;10;10;50;10;42;10;42;60;42;27;10;10;14;32;18;61
71;10;34;73;10;118;95;60;10;139;10;37;10;10;10;353;50;14;123;578;10;10;118;322;10;10;90;10;10;45;258;10;152;10;440;10;89;150;112;10;20;236;10;0;146;160;10;191;66;10;10;10;10;10;56;86;10;39;203;62;67;93;65;38;33;210;279;10;66;70;81;79;19;131;84;54;10;63;37;75;112;89;123;100;10;10;55;10;47;10;135;193;133;87;10;10;37;83;46;68
48;10;23;49;10;80;64;40;10;94;10;25;10;10;10;238;34;10;83;389;10;10;79;217;10;10;60;10;10;31;174;10;103;10;297;10;60;101;75;10;14;162;10;98;0;108;10;129;45;10;10;10;10;10;38;58;10;26;137;42;45;63;44;26;23;142;188;10;45;47;55;54;13;88;57;36;10;43;25;51;76;60;83;67;10;10;37;10;32;10;91;130;90;59;10;10;25;56;31;46
43;10;21;43;10;71;56;36;10;83;10;22;10;10;10;210;30;10;73;344;10;10;70;192;10;10;53;10;10;27;154;10;91;10;262;10;53;89;67;10;12;144;10;87;87;0;10;114;39;10;10;10;10;10;34;51;10;23;121;37;40;56;39;23;20;125;166;10;39;42;48;47;11;78;50;32;10;38;22;45;67;53;73;60;10;10;33;10;28;10;80;115;79;52;10;10;22;50;27;40
10;10;10;10;10;10;10;10;10;10;10;10;10;10;10;10;10;10;10;10;10;10;10;10;10;10;10;10;10;10;10;10;10;10;10;10;10;10;10;10;10;20;10;10;10;10;0;10;10;10;10;10;10;10;10;10;10;10;10;10;10;10;10;10;10;10;10;10;10;10;10;10;10;10;10;10;10;10;10;10;10;10;10;10;10;10;10;10;10;10;10;10;10;10;10;10;10;10;10;10
78;10;38;79;10;129;104;65;10;152;10;40;10;10;10;385;55;15;134;632;10;10;129;352;10;10;98;10;10;49;282;10;166;10;481;10;97;164;122;10;22;257;10;160;159;175;10;0;72;10;10;10;10;10;61;93;10;43;222;67;74;102;71;42;36;230;305;10;72;76;89;87;21;143;92;59;10;69;40;82;122;97;134;109;10;10;60;10;51;10;147;211;146;95;10;10;40;91;50;74
70;10;34;72;10;117;94;59;10;137;10;36;10;10;10;348;49;14;121;571;10;10;116;318;10;10;89;10;10;45;255;10;150;10;435;10;88;148;110;10;20;233;10;144;144;158;10;189;0;10;10;10;10;10;56;85;10;39;200;61;66;92;64;38;33;208;276;10;65;69;80;78;19;129;83;53;10;62;36;74;111;88;121;99;10;10;54;10;46;10;133;191;132;86;10;10;36;82;45;67
10;10;10;10;10;10;10;10;10;10;10;10;10;10;10;10;10;10;10;10;10;10;10;10;10;10;10;10;10;10;10;10;10;10;10;10;10;10;10;10;10;20;10;10;10;10;10;10;10;0;10;10;10;10;10;10;10;10;10;10;10;10;10;10;10;10;10;10;10;10;10;10;10;10;10;10;10;10;10;10;10;10;10;10;10;10;10;10;10;10;10;10;10;10;10;10;10;10;10;10
10;10;10;10;10;10;10;10;10;10;10;10;10;10;10;10;10;10;10;10;10;10;10;10;10;10;10;10;10;10;10;10;10;10;10;10;10;10;10;10;10;20;10;10;10;10;10;10;10;10;0;10;10;10;10;10;10;10;10;10;10;10;10;10;10;10;10;10;10;10;10;10;10;10;10;10;10;10;10;10;10;10;10;10;10;10;10;10;10;10;10;10;10;10;10;10;10;10;10;10
10;10;10;10;10;10;10;10;10;10;10;10;10;10;10;10;10;10;10;10;10;10;10;10;10;10;10;10;10;10;10;10;10;10;10;10;10;10;10;10;10;20;10;10;10;10;10;10;10;10;10;0;10;10;10;10;10;10;10;10;10;10;10;10;10;10;10;10;10;10;10;10;10;10;10;10;10;10;10;10;10;10;10;10;10;10;10;10;10;10;10;10;10;10;10;10;10;10;10;10
10;10;10;10;10;10;10;10;10;10;10;10;10;10;10;10;10;10;10;10;10;10;10;10;10;10;10;10;10;10;10;10;10;10;10;10;10;10;10;10;10;20;10;10;10;10;10;10;10;10;10;10;0;10;10;10;10;10;10;10;10;10;10;10;10;10;10;10;10;10;10;10;10;10;10;10;10;10;10;10;10;10;10;10;10;10;10;10;10;10;10;10;10;10;10;10;10;10;10;10
10;10;10;10;10;10;10;10;10;10;10;10;10;10;10;10;10;10;10;10;10;10;10;10;10;10;10;10;10;10;10;10;10;10;10;10;10;10;10;10;10;20;10;10;10;10;10;10;10;10;10;10;10;0;10;10;10;10;10;10;10;10;10;10;10;10;10;10;10;10;10;10;10;10;10;10;10;10;10;10;10;10;10;10;10;10;10;10;10;10;10;10;10;10;10;10;10;10;10;10
16;10;10;17;10;14;22;14;10;31;10;10;10;10;10;41;12;10;28;67;10;10;14;38;10;10;20;10;10;10;30;10;34;10;51;10;20;34;25;10;10;61;10;17;17;19;10;22;10;10;10;10;10;10;0;19;10;10;24;10;10;56;15;10;10;25;33;10;40;25;18;18;10;15;51;33;10;22;13;10;13;11;15;60;10;10;19;10;17;10;16;23;16;10;10;10;22;50;28;24
78;10;38;80;10;20;104;66;10;153;10;41;10;10;10;58;55;10;135;95;10;10;20;53;10;10;99;10;10;50;42;10;167;10;72;10;98;165;123;10;22;259;10;24;24;27;10;32;11;10;10;10;10;10;12;0;10;43;33;10;11;19;72;42;37;35;46;10;14;33;89;87;10;22;17;11;10;30;18;13;19;15;20;20;10;10;26;10;22;10;22;32;22;15;10;10;10;17;10;32
40;10;19;41;10;10;53;33;10;77;10;21;10;10;10;29;28;10;68;48;10;10;10;27;10;10;50;10;10;25;22;10;85;10;37;10;50;84;62;10;11;136;10;12;12;14;10;16;10;10;10;10;10;10;10;48;0;22;17;10;10;10;36;21;19;18;23;10;10;17;45;44;10;11;10;10;10;15;10;10;10;10;11;11;10;10;14;10;12;10;12;16;11;10;10;10;10;10;10;17
392;10;188;400;10;97;522;329;10;766;10;202;10;10;10;288;274;12;676;473;10;10;96;264;10;10;493;10;10;247;211;10;838;10;360;10;489;827;615;10;108;1257;10;119;119;131;10;157;54;10;10;10;10;10;57;471;10;0;166;51;55;94;358;210;181;172;228;10;67;166;446;436;16;107;85;54;10;150;87;61;92;73;100;101;10;10;131;10;111;10;110;158;109;71;10;10;37;84;46;161
183;10;88;187;10;305;244;154;10;358;10;95;10;10;10;911;128;36;317;1494;10;10;304;833;10;10;231;10;10;116;667;10;392;10;1138;10;229;387;288;10;51;593;10;377;377;414;10;494;170;10;10;10;10;10;145;220;10;100;0;159;173;241;168;98;85;543;721;20;170;180;209;204;48;337;218;139;10;162;94;193;289;229;316;258;10;10;142;10;120;10;348;499;344;224;10;22;94;214;117;174
40;10;19;40;10;66;53;33;10;77;10;21;10;10;10;195;28;10;68;320;10;10;65;178;10;10;50;10;10;25;143;10;84;10;244;10;49;83;62;10;11;135;10;81;81;89;10;106;37;10;10;10;10;10;31;47;10;22;112;0;37;52;36;21;19;116;154;10;37;39;45;44;11;72;47;30;10;35;20;42;62;49;68;55;10;10;31;10;26;10;75;107;74;48;10;10;20;46;25;38
19;10;10;19;10;31;25;16;10;37;10;10;10;10;10;93;13;10;33;152;10;10;31;85;10;10;24;10;10;12;68;10;40;10;116;10;24;40;30;10;10;70;10;39;39;42;10;51;18;10;10;10;10;10;15;23;10;11;54;17;0;25;17;10;10;56;73;10;18;19;22;21;10;35;22;14;10;17;10;20;30;24;33;27;10;10;15;10;13;10;36;51;35;23;10;10;10;22;12;18
45;10;22;46;10;39;60;38;10;87;10;23;10;10;10;115;32;10;77;188;10;10;38;105;10;10;56;10;10;28;84;10;96;10;143;10;56;94;70;10;13;152;10;48;48;52;10;62;22;10;10;10;10;10;95;54;10;25;66;20;22;0;41;24;21;68;91;13;111;68;51;50;10;43;142;91;10;62;36;25;37;29;40;169;10;10;54;10;46;10;44;63;43;29;10;10;62;140;77;66
257;10;123;263;10;64;342;216;10;503;10;133;10;10;10;190;180;10;444;310;10;10;63;173;10;10;324;10;10;162;139;10;550;10;237;10;321;543;404;10;71;828;10;79;79;86;10;103;36;10;10;10;10;10;37;309;10;141;109;33;36;62;0;138;119;113;150;10;44;109;293;287;10;70;56;36;10;98;57;41;60;48;66;66;10;10;86;10;73;10;73;104;72;47;10;10;24;55;30;106
74;10;36;76;10;19;99;63;10;145;10;39;10;10;10;55;52;10;128;90;10;10;19;50;10;10;94;10;10;47;40;10;159;10;69;10;93;157;117;10;21;246;10;23;23;25;10;30;11;10;10;10;10;10;11;89;10;41;32;10;11;18;68;0;35;33;44;10;13;32;85;83;10;21;16;11;10;29;17;12;18;14;19;19;10;10;25;10;21;10;21;30;21;14;10;10;10;16;10;31
373;10;179;380;10;92;496;313;10;728;10;192;10;10;10;275;261;11;644;450;10;10;92;251;10;10;469;10;10;235;201;10;798;10;343;10;465;787;585;10;103;1196;10;114;114;125;10;149;52;10;10;10;10;10;54;448;10;204;158;48;52;89;341;199;0;164;217;10;63;158;425;415;15;102;81;52;10;142;82;59;87;69;96;96;10;10;124;10;105;10;105;151;104;68;10;10;35;80;44;153
192;10;92;196;10;319;255;161;10;375;10;99;10;10;10;952;134;37;331;1562;10;10;317;871;10;10;241;10;10;121;697;10;410;10;1190;10;239;405;301;10;53;620;10;394;394;432;10;516;178;10;10;10;10;10;151;230;10;105;548;166;181;252;175;103;89;0;753;21;178;188;219;214;50;353;227;145;10;170;98;202;302;239;331;269;10;10;148;10;125;10;363;522;359;234;10;23;98;224;122;182
153;10;74;156;10;255;204;129;10;299;10;79;10;10;10;760;107;30;264;1246;10;10;253;695;10;10;193;10;10;97;557;10;327;10;949;10;191;323;240;10;42;497;10;314;314;345;10;412;142;10;10;10;10;10;121;184;10;84;437;133;145;201;140;82;71;453;0;17;142;150;174;171;40;282;182;116;10;136;78;161;241;191;264;215;10;10;118;10;100;10;290;417;287;187;10;18;79;179;98;146
29;10;14;29;10;25;38;24;10;56;10;15;10;10;10;73;20;10;50;120;10;10;25;67;10;10;36;10;10;18;54;10;61;10;92;10;36;61;45;10;10;101;10;31;31;34;10;40;14;10;10;10;10;10;61;35;10;16;42;13;14;101;26;16;14;44;58;0;71;44;33;32;10;27;91;58;10;40;23;16;24;19;26;108;10;10;35;10;29;10;28;40;28;18;10;10;40;90;49;43
22;10;11;23;10;19;30;19;10;43;10;12;10;10;10;57;16;10;38;92;10;10;19;52;10;10;28;10;10;14;41;10;47;10;70;10;28;47;35;10;10;80;10;24;24;26;10;31;11;10;10;10;10;10;47;27;10;12;33;10;11;78;20;12;11;34;45;10;0;34;25;25;10;21;70;45;10;31;18;12;18;15;20;83;10;10;27;10;23;10;22;31;22;14;10;10;31;69;38;33
87;10;42;89;10;53;116;73;10;170;10;45;10;10;10;157;61;10;150;257;10;10;53;143;10;10;109;10;10;55;115;10;186;10;196;10;108;183;136;10;24;286;10;65;65;71;10;85;30;10;10;10;10;10;70;104;10;48;90;28;30;117;80;47;40;94;124;10;83;0;99;97;10;58;106;67;10;320;185;34;50;40;55;125;10;10;279;10;236;10;60;86;59;39;10;10;46;104;57;344
289;10;139;295;10;72;385;243;10;565;10;149;10;10;10;213;202;10;500;349;10;10;71;195;10;10;364;10;10;183;156;10;619;10;266;10;361;611;454;10;80;931;10;88;88;97;10;116;40;10;10;10;10;10;42;348;10;158;123;38;41;70;265;155;134;127;169;10;49;122;0;322;12;79;63;40;10;111;64;46;68;54;74;74;10;10;97;10;82;10;82;117;81;53;10;10;27;62;34;119
279;10;134;285;10;69;372;235;10;546;10;144;10;10;10;206;195;10;482;337;10;10;69;188;10;10;352;10;10;176;151;10;598;10;257;10;349;590;439;10;77;899;10;85;85;94;10;112;39;10;10;10;10;10;41;336;10;153;119;36;39;67;256;150;130;123;163;10;48;118;318;0;11;76;61;39;10;107;62;44;66;52;72;72;10;10;93;10;79;10;79;113;78;51;10;10;26;60;33;115
36;10;18;37;10;61;48;31;10;71;10;19;10;10;10;180;26;10;63;294;10;10;60;164;10;10;46;10;10;23;132;10;78;10;224;10;45;77;57;10;10;125;10;75;75;82;10;98;34;10;10;10;10;10;29;44;10;20;104;32;34;48;33;20;17;107;142;10;34;36;42;41;0;67;43;28;10;32;19;38;57;45;63;51;10;10;28;10;24;10;69;99;68;45;10;10;19;43;23;35
38;10;19;39;10;63;51;32;10;74;10;20;10;10;10;188;27;10;66;308;10;10;63;172;10;10;48;10;10;24;138;10;81;10;235;10;48;80;60;10;11;131;10;78;78;86;10;102;35;10;10;10;10;10;30;46;10;21;108;33;36;50;35;21;18;112;149;10;35;37;43;42;10;0;45;29;10;34;20;40;60;47;66;53;10;10;30;10;25;10;72;103;71;47;10;10;20;45;25;36
39;10;19;40;10;34;52;33;10;76;10;20;10;10;10;100;28;10;68;164;10;10;34;92;10;10;49;10;10;25;73;10;84;10;125;10;49;83;61;10;11;134;10;42;42;46;10;55;19;10;10;10;10;10;83;47;10;22;58;18;19;138;36;21;18;60;79;12;98;60;45;44;10;37;0;79;10;54;31;22;32;25;35;148;10;10;47;10;40;10;39;55;38;25;10;10;54;123;67;58
10;10;10;10;10;10;13;10;10;19;10;10;10;10;10;25;10;10;17;40;10;10;10;23;10;10;12;10;10;10;18;10;21;10;31;10;12;20;15;10;10;40;10;10;10;11;10;14;10;10;10;10;10;10;20;12;10;10;14;10;10;34;10;10;10;15;20;10;24;15;11;11;10;10;31;0;10;13;10;10;10;10;10;36;10;10;12;10;10;10;10;14;10;10;10;10;13;30;17;14
10;10;10;10;10;10;10;10;10;10;10;10;10;10;10;10;10;10;10;10;10;10;10;10;10;10;10;10;10;10;10;10;10;10;10;10;10;10;10;10;10;20;10;10;10;10;10;10;10;10;10;10;10;10;10;10;10;10;10;10;10;10;10;10;10;10;10;10;10;10;10;10;10;10;10;10;0;10;10;10;10;10;10;10;10;10;10;10;10;10;10;10;10;10;10;10;10;10;10;10
40;10;19;41;10;24;53;33;10;77;10;21;10;10;10;72;28;10;68;117;10;10;24;65;10;10;50;10;10;25;53;10;85;10;89;10;50;84;62;10;11;136;10;30;30;33;10;39;14;10;10;10;10;10;32;48;10;22;41;13;14;53;36;22;19;43;57;10;38;161;45;44;10;27;48;31;10;0;84;16;23;18;25;57;10;10;127;10;108;10;28;39;27;18;10;10;21;48;26;157
53;10;26;54;10;32;70;44;10;103;10;27;10;10;10;95;37;10;91;156;10;10;32;87;10;10;66;10;10;33;70;10;113;10;119;10;66;111;83;10;15;177;10;40;40;43;10;52;18;10;10;10;10;10;43;63;10;29;55;17;18;71;48;28;25;57;75;10;50;214;60;59;10;36;64;41;10;194;0;21;30;24;33;76;10;10;169;10;143;10;37;52;36;24;10;10;28;63;35;208
52;10;25;53;10;86;69;44;10;101;10;27;10;10;10;257;37;10;90;421;10;10;86;235;10;10;65;10;10;33;188;10;111;10;321;10;65;109;81;10;15;175;10;107;107;117;10;140;48;10;10;10;10;10;41;63;10;29;148;45;49;68;48;28;24;154;204;10;48;51;59;58;14;95;62;39;10;46;27;0;82;65;90;73;10;10;40;10;34;10;98;141;97;64;10;10;27;61;33;50
82;10;40;84;10;136;109;69;10;160;10;42;10;10;10;406;57;16;141;666;10;10;136;371;10;10;103;10;10;52;298;10;175;10;507;10;102;173;129;10;23;270;10;168;168;185;10;220;76;10;10;10;10;10;65;99;10;45;234;71;77;108;75;44;38;242;321;10;76;80;93;91;22;151;97;62;10;73;42;86;0;102;141;115;10;10;63;10;54;10;155;223;153;100;10;10;42;96;52;78
33;10;16;34;10;55;44;28;10;64;10;17;10;10;10;163;23;10;57;267;10;10;55;149;10;10;42;10;10;21;120;10;70;10;204;10;41;70;52;10;10;115;10;68;68;74;10;89;31;10;10;10;10;10;26;40;10;18;94;29;31;43;30;18;16;97;129;10;31;32;38;37;10;61;39;25;10;29;17;35;52;0;57;46;10;10;26;10;22;10;63;90;62;40;10;10;17;39;21;32
46;10;22;47;10;76;61;38;10;89;10;24;10;10;10;225;32;10;79;369;10;10;75;206;10;10;57;10;10;29;165;10;97;10;281;10;57;96;71;10;13;154;10;93;93;103;10;122;42;10;10;10;10;10;36;55;10;25;130;40;43;60;42;25;21;135;178;10;42;45;52;51;12;84;54;35;10;40;24;48;72;57;0;64;10;10;35;10;30;10;86;124;85;56;10;10;24;53;29;43
47;10;23;48;10;41;63;40;10;92;10;25;10;10;10;121;33;10;82;198;10;10;41;111;10;10;60;10;10;30;89;10;101;10;151;10;59;100;74;10;13;160;10;50;50;55;10;66;23;10;10;10;10;10;100;57;10;26;70;21;23;166;43;26;22;72;96;14;118;72;54;53;10;45;150;96;10;65;38;26;39;31;42;0;10;10;57;10;48;10;46;66;46;30;10;10;65;148;81;70
10;10;10;10;10;10;10;10;10;10;10;10;10;10;10;10;10;10;10;10;10;10;10;10;10;10;10;10;10;10;10;10;10;10;10;10;10;10;10;10;10;20;10;10;10;10;10;10;10;10;10;10;10;10;10;10;10;10;10;10;10;10;10;10;10;10;10;10;10;10;10;10;10;10;10;10;10;10;10;10;10;10;10;10;0;10;10;10;10;10;10;10;10;10;10;10;10;10;10;10
10;10;10;10;10;10;10;10;10;10;10;10;10;10;10;10;10;10;10;10;10;10;10;10;10;10;10;10;10;10;10;10;10;10;10;10;10;10;10;10;10;20;10;10;10;10;10;10;10;10;10;10;10;10;10;10;10;10;10;10;10;10;10;10;10;10;10;10;10;10;10;10;10;10;10;10;10;10;10;10;10;10;10;10;10;0;10;10;10;10;10;10;10;10;10;10;10;10;10;10
23;10;11;24;10;14;31;20;10;45;10;12;10;10;10;42;17;10;40;69;10;10;14;38;10;10;29;10;10;15;31;10;50;10;52;10;29;49;37;10;10;84;10;18;18;19;10;23;10;10;10;10;10;10;19;28;10;13;24;10;10;31;21;13;11;25;33;10;22;94;27;26;10;16;28;18;10;85;49;10;14;11;15;34;10;10;0;10;63;10;16;23;16;11;10;10;13;28;15;92
10;10;10;10;10;10;10;10;10;10;10;10;10;10;10;10;10;10;10;15;10;10;10;10;10;10;10;10;10;10;10;10;11;10;12;10;10;11;10;10;10;26;10;10;10;10;10;10;10;10;10;10;10;10;10;10;10;10;10;10;10;10;10;10;10;10;10;10;10;21;10;10;10;10;10;10;10;19;11;10;10;10;10;10;10;10;16;0;14;10;10;10;10;10;10;10;10;10;10;20
37;10;18;37;10;22;49;31;10;71;10;19;10;10;10;66;26;10;63;108;10;10;22;60;10;10;46;10;10;23;48;10;78;10;82;10;46;77;57;10;10;126;10;27;27;30;10;36;13;10;10;10;10;10;30;44;10;20;38;12;13;49;34;20;17;39;52;10;35;148;42;41;10;25;44;28;10;134;77;14;21;17;23;53;10;10;117;10;0;10;25;36;25;17;10;10;19;44;24;144
10;10;10;10;10;13;11;10;10;15;10;10;10;10;10;38;10;10;14;62;10;10;13;35;10;10;10;10;10;10;28;10;17;10;47;10;10;16;12;10;10;35;10;16;16;18;10;21;10;10;10;10;10;10;10;10;10;10;22;10;10;10;10;10;10;23;30;10;10;10;10;10;10;14;10;10;10;10;10;10;12;10;14;11;10;10;10;10;10;0;15;21;15;10;10;10;10;10;10;10
47;10;23;48;10;78;62;39;10;91;10;24;10;10;10;231;33;10;81;379;10;10;77;212;10;10;59;10;10;30;170;10;100;10;289;10;58;99;73;10;13;158;10;96;96;105;10;126;44;10;10;10;10;10;37;56;10;26;133;41;44;61;43;25;22;138;183;10;44;46;53;52;13;86;56;36;10;42;24;49;74;58;81;66;10;10;36;10;31;10;0;127;88;57;10;10;24;55;30;45
161;10;77;164;10;268;214;135;10;314;10;83;10;10;10;798;112;31;277;1308;10;10;266;729;10;10;202;10;10;101;584;10;344;10;997;10;200;339;252;10;44;521;10;330;330;362;10;433;149;10;10;10;10;10;127;193;10;88;459;139;152;211;147;86;75;476;631;18;149;157;183;179;42;296;191;121;10;142;82;169;253;200;277;226;10;10;124;10;105;10;305;0;301;196;10;19;82;188;103;153
122;10;59;125;10;204;163;103;10;239;10;63;10;10;10;608;86;24;211;996;10;10;203;556;10;10;154;10;10;77;445;10;262;10;759;10;153;258;192;10;34;399;10;251;251;276;10;330;114;10;10;10;10;10;97;147;10;67;350;106;116;161;112;66;57;363;481;14;114;120;140;136;32;225;145;93;10;108;63;129;193;153;211;172;10;10;95;10;80;10;232;333;0;150;10;15;63;143;78;117
30;10;15;31;10;50;40;25;10;58;10;16;10;10;10;148;21;10;52;242;10;10;50;135;10;10;38;10;10;19;108;10;64;10;185;10;37;63;47;10;10;105;10;61;61;67;10;80;28;10;10;10;10;10;24;36;10;17;85;26;28;39;28;16;14;88;117;10;28;29;34;33;10;55;36;23;10;27;16;32;47;37;52;42;10;10;23;10;20;10;57;81;56;0;10;10;16;35;19;29
10;10;10;10;10;10;10;10;10;10;10;10;10;10;10;24;10;10;10;40;10;10;10;22;10;10;10;10;10;10;18;10;11;10;30;10;10;11;10;10;10;26;10;10;10;11;10;13;10;10;10;10;10;10;10;10;10;10;14;10;10;10;10;10;10;15;19;10;10;10;10;10;10;10;10;10;10;10;10;10;10;10;10;10;10;10;10;10;10;10;10;14;10;10;0;10;10;10;10;10
26;10;13;27;10;43;35;22;10;51;10;14;10;10;10;129;19;10;45;211;10;10;43;118;10;10;33;10;10;17;94;10;56;10;161;10;33;55;41;10;10;93;10;54;54;59;10;70;24;10;10;10;10;10;21;32;10;15;74;23;25;34;24;14;12;77;102;10;24;26;30;29;10;48;31;20;10;23;14;28;41;33;45;37;10;10;20;10;17;10;49;71;49;32;10;0;14;31;17;25
12;10;10;13;10;11;16;10;10;24;10;10;10;10;10;31;10;10;21;50;10;10;11;28;10;10;15;10;10;10;23;10;26;10;38;10;15;25;19;10;10;48;10;13;13;14;10;17;10;10;10;10;10;10;25;15;10;10;18;10;10;42;11;10;10;19;24;10;30;18;14;14;10;12;38;24;10;17;10;10;10;10;11;45;10;10;15;10;12;10;12;17;12;10;10;10;0;38;21;18
34;10;16;35;10;29;45;29;10;66;10;18;10;10;10;86;24;10;58;141;10;10;29;79;10;10;43;10;10;22;63;10;72;10;108;10;42;71;53;10;10;117;10;36;36;39;10;47;16;10;10;10;10;10;71;41;10;19;50;15;17;119;31;18;16;52;68;10;84;51;39;38;10;32;107;68;10;47;27;19;28;22;30;127;10;10;41;10;34;10;33;47;33;22;10;10;46;0;58;50
11;10;10;11;10;10;14;10;10;21;10;10;10;10;10;27;10;10;18;44;10;10;10;25;10;10;14;10;10;10;20;10;23;10;34;10;13;22;17;10;10;44;10;12;12;13;10;15;10;10;10;10;10;10;23;13;10;10;16;10;10;37;10;10;10;16;22;10;26;16;12;12;10;10;34;22;10;15;10;10;10;10;10;40;10;10;13;10;11;10;11;15;11;10;10;10;15;33;0;16
58;10;28;59;10;35;77;48;10;112;10;30;10;10;10;104;40;10;99;170;10;10;35;95;10;10;73;10;10;37;76;10;123;10;130;10;72;121;90;10;16;193;10;43;43;47;10;57;20;10;10;10;10;10;47;69;10;32;60;18;20;77;53;31;27;62;82;10;55;234;66;64;10;39;70;45;10;212;122;22;33;26;36;83;10;10;185;10;156;10;40;57;39;26;10;10;30;69;38;0
100;100;100;100;100;100;100;100;100;100;100;100;100;100;100;100;100;100;100;100;100;100;100;100;100;100;100;100;100;100;100;100;100;100;100;100;100;100;100;100;100;100;100;100;100;100;100;100;100;100;100;100;100;100;100;100;100;100;100;100;100;100;100;100;100;100;100;100;100;100;100;100;100;100;100;100;100;100;100;100;100;100;100;100;100;100;100;100;100;100;100;100;100;100;100;100;100;100;100;100
